0 0.06432291666666666 0.38101851851851853 0.022395833333333334 0.11018518518518519
0 0.4205729166666667 0.3740740740740741 0.018229166666666668 0.06481481481481481
0 0.029947916666666668 0.39814814814814814 0.0265625 0.10370370370370371
0 0.09244791666666667 0.3814814814814815 0.022395833333333334 0.09444444444444444
0 0.49192708333333335 0.35879629629629634 0.0140625 0.10462962962962963
1 0.18463541666666666 0.3902777777777778 0.015104166666666667 0.04722222222222222
0 0.46588541666666666 0.375462962962963 0.015104166666666667 0.07685185185185185
1 0.36796875 0.362962962962963 0.08489583333333334 0.2796296296296296
1 0.5447916666666667 0.3791666666666667 0.01875 0.06759259259259259
0 0.00703125 0.412962962962963 0.0140625 0.09814814814814815
0 0.10520833333333333 0.3837962962962963 0.010416666666666666 0.08611111111111111
1 0.35 0.3648148148148148 0.06666666666666667 0.23703703703703705
1 0.21822916666666667 0.3842592592592593 0.021875 0.06666666666666667
0 0.10338541666666666 0.3837962962962963 0.015104166666666667 0.08796296296296297
1 0.4510416666666667 0.3856481481481482 0.01875 0.06018518518518519
1 0.20052083333333334 0.3819444444444445 0.03125 0.07685185185185185
0 0.44296874999999997 0.3773148148148148 0.01614583333333333 0.06574074074074074
1 0.4122395833333333 0.39351851851851855 0.013020833333333334 0.040740740740740744
