0 0.4557291666666667 0.40925925925925927 0.010416666666666666 0.05740740740740741
0 0.67734375 0.35694444444444445 0.021354166666666667 0.08796296296296297
0 0.2359375 0.37083333333333335 0.0375 0.20092592592592592
1 0.8442708333333333 0.40046296296296297 0.028125 0.02314814814814815
0 0.6513020833333333 0.3509259259259259 0.024479166666666666 0.1
1 0.8 0.39166666666666666 0.034375 0.08703703703703704
0 0.6182291666666666 0.34444444444444444 0.029166666666666667 0.11296296296296297
0 0.57578125 0.30972222222222223 0.034895833333333334 0.18796296296296297
1 0.4921875 0.3787037037037037 0.06041666666666667 0.19814814814814816
0 0.44036458333333334 0.3814814814814815 0.0234375 0.1425925925925926
1 0.7203125 0.38981481481481484 0.04583333333333333 0.11851851851851852
