1 0.4440104166666667 0.3851851851851852 0.015104166666666667 0.0462962962962963
0 0.2359375 0.4013888888888889 0.017708333333333333 0.05648148148148149
0 0.4591145833333333 0.3773148148148148 0.011979166666666666 0.05648148148148149
0 0.1328125 0.3995370370370371 0.021875 0.0638888888888889
0 0.4265625 0.37777777777777777 0.0125 0.05555555555555556
0 0.44036458333333334 0.37453703703703706 0.009895833333333333 0.05462962962962963
0 0.1703125 0.3902777777777778 0.010416666666666666 0.026851851851851852
0 0.2125 0.4 0.0125 0.05740740740740741
0 0.22083333333333333 0.4 0.009375 0.05555555555555556
1 0.2734375 0.38287037037037036 0.01875 0.05092592592592593
1 0.3776041666666667 0.3819444444444445 0.022916666666666665 0.09537037037037037
0 0.20130208333333333 0.3888888888888889 0.009895833333333333 0.031481481481481485
1 0.41875 0.38842592592592595 0.009375 0.036111111111111115
1 0.51484375 0.3888888888888889 0.0140625 0.04259259259259259
0 0.4796875 0.36574074074074076 0.011458333333333333 0.08148148148148149
0 0.21510416666666665 0.40046296296296297 0.017708333333333333 0.058333333333333334
1 0.396875 0.3791666666666667 0.03333333333333333 0.10462962962962963
