0 0.596875 0.3337962962962963 0.02395833333333333 0.1564814814814815
0 0.5317708333333333 0.3564814814814815 0.019791666666666666 0.0962962962962963
0 0.065625 0.337037037037037 0.021875 0.08888888888888889
1 0.68515625 0.3768518518518519 0.0328125 0.0962962962962963
1 0.17265625 0.3736111111111111 0.033854166666666664 0.08981481481481482
0 0.5588541666666667 0.3541666666666667 0.01875 0.10462962962962963
0 0.01015625 0.2967592592592593 0.0203125 0.18611111111111112
0 0.50390625 0.35694444444444445 0.0140625 0.08611111111111111
1 0.5270833333333333 0.3773148148148148 0.019791666666666666 0.0787037037037037
0 0.03723958333333333 0.3300925925925926 0.03177083333333333 0.10833333333333334
1 0.02578125 0.36435185185185187 0.0484375 0.14537037037037037
1 0.42734374999999997 0.37962962962962965 0.01614583333333333 0.04814814814814815
0 0.08489583333333334 0.34490740740740744 0.019791666666666666 0.0712962962962963
1 0.19765625 0.37777777777777777 0.018229166666666668 0.06666666666666667
0 0.48515625 0.35833333333333334 0.01614583333333333 0.07592592592592592
1 0.20598958333333334 0.3768518518518519 0.0234375 0.06481481481481481
1 0.4822916666666667 0.3800925925925926 0.015625 0.062037037037037036
