4 0.184375 0.48703703703703705 0.36875 0.11296296296296297
4 0.6942708333333333 0.4273148148148148 0.12395833333333334 0.08981481481481482
4 0.8927083333333333 0.4152777777777778 0.21354166666666666 0.11574074074074074
4 0.41171874999999997 0.4537037037037037 0.19114583333333332 0.10925925925925926
2 0.03802083333333333 0.39166666666666666 0.06979166666666667 0.16481481481481483
2 0.32447916666666665 0.3791666666666667 0.026041666666666668 0.10833333333333334
2 0.42916666666666664 0.3791666666666667 0.04583333333333333 0.10462962962962963
2 0.7127604166666667 0.3652777777777778 0.05364583333333333 0.12314814814814816
2 0.8424479166666666 0.375 0.0296875 0.08518518518518518
2 0.8502604166666666 0.34351851851851856 0.034895833333333334 0.1
