1 0.41015625 0.3726851851851852 0.015104166666666667 0.04351851851851852
1 0.12291666666666666 0.36388888888888893 0.025 0.061111111111111116
1 0.16197916666666667 0.3689814814814815 0.0125 0.028703703703703703
1 0.14947916666666666 0.3712962962962963 0.009375 0.024074074074074074
0 0.378125 0.35000000000000003 0.0125 0.08518518518518518
0 0.35833333333333334 0.3564814814814815 0.013541666666666667 0.05925925925925926
0 0.3052083333333333 0.36064814814814816 0.010416666666666666 0.05648148148148149
1 0.23697916666666666 0.36342592592592593 0.04791666666666666 0.10833333333333334
0 0.3216145833333333 0.3597222222222222 0.0109375 0.06018518518518519
0 0.0265625 0.38703703703703707 0.026041666666666668 0.06851851851851852
1 0.39609375 0.375 0.013020833333333334 0.044444444444444446
0 0.3390625 0.3564814814814815 0.0125 0.05555555555555556
1 0.3052083333333333 0.37453703703703706 0.0125 0.03425925925925926
1 0.33567708333333335 0.37083333333333335 0.015104166666666667 0.03981481481481482
